51.33
88.34
86.025
84.205
75.61
81.67
83.44
76.71
76.71
89.065
85.27
84.86
75.65
84.455
81.835
79.455
79.455
89.89
85.755
84.795
77.525
84.81
83.97
78.065
78.065
90.165
85.82
84.465
77.115
82.475
83.235
79.25
79.25
90.335
85.265
85.41
77.205
84.41
84.07
77.775
77.775
90.23
86.255
85.64
75.49
83.815
84.02
78.225
78.225
90.24
87.11
85.635
77.755
84.75
85.575
78.795
78.795
89.715
83.885
84.09
78.605
83.895
83.21
77.635
77.635
90.535
85.49
85.915
79.07
85.37
84.21
77.56
77.56
91.19
87.41
85.675
79.795
84.715
83.97
78.72
78.72
