54.281008929014206
25.099224865436554
18.27629914879799
10.824480602517724
10.358804954215884
10.533651184290648
8.510239182040095
7.677071275189519
9.08428774960339
6.528598519042134
6.639471296221018
7.559389187023044
5.446915742009878
5.380298121832311
7.077093525789678
4.136061620898545
4.689520719461143
5.002179393544793
3.75734659191221
3.7059789840132
4.089304964058101
3.3913468485698104
3.122732585296035
3.785916599445045
2.157433256972581
2.286016659811139
2.3967459816485643
2.186400104314089
1.4900965858250856
1.853385517373681
